1.1357521189358286 1.496933801497169 0.0018468931183974885 -0.0031728895101228805
1.995958556065354 2.999991833332114 -0.0036712425540241797 -1.483724212340364E-5
2.8715464834575655 1.5096871129852374 0.0018000722361871696 0.0031996846686415735
1.9831776047569851 2.999858493497099 -0.003670753027149921 -6.175959764689321E-5
1.1505743051099 1.4722917578240124 0.00193736077656782 -0.0031184732250972343
2.8865849181092096 1.537434131197203 0.0016982053702672547 0.0032548948607639032
1.1572004238502096 1.4617724696359968 0.001975979950391673 -0.003094146937345079
1.9404886930671985 2.9982276315285756 -0.0036647656883947322 -2.1848222672907853E-4
2.8980570402550923 1.560120979758907 0.0016149157662122904 0.0032970121477287253
1.928439018466135 2.997436226493659 -0.003661860224825121 -2.6271986616075723E-4
